#T          Y      V
0.100000 0.920000 0.988136
0.200000 1.018814 1.976272
0.300000 1.216441 2.964407
0.400000 1.512882 3.952543
0.500000 1.908136 4.940680
0.600000 2.402204 5.928816
0.700000 2.995085 6.916952
0.800000 3.686781 7.905089
0.900000 4.477290 8.893226
1.000000 5.366612 9.881363
1.100000 6.354749 10.869500
1.200000 7.441699 11.857638
1.300000 8.627462 12.845777
1.400000 9.912040 13.833915
1.500000 11.295431 14.822054
1.600000 12.777637 15.810193
1.700000 14.358656 16.798332
1.800000 16.038488 17.786472
1.900000 17.817135 18.774612
2.000000 19.694595 19.762754
2.100000 21.670872 20.750896
2.200000 23.745962 21.739038
2.300000 25.919867 22.727182
2.400000 28.192585 23.715326
2.500000 30.564117 24.703472
2.600000 33.034466 25.691618
2.700000 35.603626 26.679764
2.799999 38.271603 27.667912
2.899999 41.038395 28.656059
2.999999 43.903999 29.644209
3.099999 46.868420 30.632359
3.199999 49.931656 31.620510
3.299999 53.093708 32.608662
3.399999 56.354576 33.596813
3.499999 59.714256 34.584969
3.599999 63.172752 35.573124
3.699999 66.730064 36.561279
3.799999 70.386192 37.549438
3.899998 74.141136 38.537598
3.999998 77.994896 39.525757
4.099998 81.947472 40.513916
4.199998 85.998863 41.502079
4.299998 90.149071 42.490242
4.399998 94.398094 43.478405
4.499998 98.745934 44.466572
4.599998 103.192589 45.454739
4.699998 107.738060 46.442905
4.799998 112.382347 47.431076
4.899998 117.125458 48.419247
4.999998 121.967384 49.407421
5.099998 126.908127 50.395596
5.199997 131.947693 51.383770
5.299997 137.086075 52.371948
5.399997 142.323273 53.360126
5.499997 147.659286 54.348309
5.599997 153.094116 55.336491
5.699997 158.627762 56.324677
5.799997 164.260223 57.312862
5.899997 169.991516 58.301052
5.999997 175.821625 59.289242
6.099997 181.750549 60.277435
6.199996 187.778290 61.265629
6.299996 193.904846 62.253822
6.399996 200.130234 63.242020
6.499996 206.454437 64.230217
6.599996 212.877457 65.218414
6.699996 219.399292 66.206619
6.799996 226.019958 67.194824
6.899996 232.739441 68.183029
6.999996 239.557739 69.171242
7.099996 246.474869 70.159454
7.199996 253.490814 71.147667
7.299995 260.605591 72.135880
7.399995 267.819183 73.124100
7.499995 275.131592 74.112320
7.599995 282.542816 75.100540
7.699995 290.052856 76.088768
7.799995 297.661743 77.076996
7.899995 305.369446 78.065224
7.999995 313.175964 79.053459
8.099995 321.081299 80.041695
8.199995 329.085480 81.029930
8.299995 337.188477 82.018173
8.399996 345.390289 83.006416
8.499996 353.690918 83.994659
8.599997 362.090393 84.982910
8.699997 370.588684 85.971161
8.799997 379.185791 86.959412
8.899998 387.881744 87.947670
8.999998 396.676514 88.935928
9.099998 405.570099 89.924187
9.199999 414.562531 90.912453
9.299999 423.653778 91.900719
9.400000 432.843842 92.888985
9.500000 442.132751 93.877258
9.600000 451.520477 94.865532
9.700001 461.007019 95.853813
9.800001 470.592407 96.842094
9.900002 480.276611 97.830376
10.000002 490.059662 98.818665
10.100002 499.941528 99.806953
10.200003 509.922211 100.795242
10.300003 520.001709 101.783539
10.400003 530.180054 102.771835
10.500004 540.457214 103.760139
10.600004 550.833252 104.748444
10.700005 561.308105 105.736755
10.800005 571.881775 106.725067
10.900005 582.554260 107.713379
11.000006 593.325623 108.701698
11.100006 604.195801 109.690018
11.200006 615.164795 110.678345
11.300007 626.232605 111.666672
11.400007 637.399292 112.655006
11.500008 648.664795 113.643341
11.600008 660.029114 114.631683
11.700008 671.492310 115.620026
11.800009 683.054321 116.608368
11.900009 694.715149 117.596718
12.000010 706.474792 118.585068
12.100010 718.333313 119.573425
12.200010 730.290649 120.561783
12.300011 742.346802 121.550148
12.400011 754.501831 122.538513
12.500011 766.755676 123.526886
12.600012 779.108337 124.515259
12.700012 791.559875 125.503639
12.800013 804.110229 126.492020
12.900013 816.759460 127.480408
13.000013 829.507507 128.468796
13.100014 842.354370 129.457184
13.200014 855.300110 130.445587
13.300014 868.344666 131.433990
13.400015 881.488037 132.422394
13.500015 894.730286 133.410812
13.600016 908.071350 134.399231
13.700016 921.511292 135.387650
13.800016 935.050049 136.376068
13.900017 948.687683 137.364502
14.000017 962.424133 138.352936
14.100018 976.259399 139.341370
14.200018 990.193542 140.329803
14.300018 1004.226501 141.318253
14.400019 1018.358337 142.306702
14.500019 1032.588989 143.295151
14.600019 1046.918457 144.283615
14.700020 1061.346802 145.272079
14.800020 1075.874023 146.260544
14.900021 1090.500122 147.249008
15.000021 1105.224976 148.237488
15.100021 1120.048706 149.225967
15.200022 1134.971313 150.214447
15.300022 1149.992798 151.202942
15.400023 1165.113037 152.191437
15.500023 1180.332153 153.179932
15.600023 1195.650146 154.168442
15.700024 1211.067017 155.156952
15.800024 1226.582764 156.145462
15.900024 1242.197266 157.133987
16.000025 1257.910645 158.122513
16.100025 1273.722900 159.111038
16.200026 1289.634033 160.099564
16.300026 1305.644043 161.088104
16.400026 1321.752808 162.076645
16.500027 1337.960449 163.065186
16.600027 1354.266968 164.053741
16.700027 1370.672363 165.042297
16.800028 1387.176636 166.030853
16.900028 1403.779663 167.019424
17.000029 1420.481567 168.007996
17.100029 1437.282349 168.996567
17.200029 1454.182007 169.985153
17.300030 1471.180542 170.973740
17.400030 1488.277954 171.962341
17.500031 1505.474243 172.950943
17.600031 1522.769287 173.939545
17.700031 1540.163208 174.928162
17.800032 1557.656006 175.916779
17.900032 1575.247681 176.905396
18.000032 1592.938232 177.894028
18.100033 1610.727661 178.882660
18.200033 1628.615967 179.871292
18.300034 1646.603149 180.859940
18.400034 1664.689087 181.848587
18.500034 1682.873901 182.837234
18.600035 1701.157593 183.825897
18.700035 1719.540161 184.814560
18.800035 1738.021606 185.803238
18.900036 1756.601929 186.791916
19.000036 1775.281128 187.780594
19.100037 1794.059204 188.769287
19.200037 1812.936157 189.757980
19.300037 1831.911987 190.746674
19.400038 1850.986694 191.735382
19.500038 1870.160278 192.724091
19.600039 1889.432739 193.712814
19.700039 1908.804077 194.701538
19.800039 1928.274170 195.690262
19.900040 1947.843140 196.679001
20.000040 1967.510986 197.667740
20.100040 1987.277710 198.656494
20.200041 2007.143311 199.645248
20.300041 2027.107788 200.634003
20.400042 2047.171143 201.622772
20.500042 2067.333496 202.611542
20.600042 2087.594727 203.600327
20.700043 2107.954834 204.589111
20.800043 2128.413818 205.577896
20.900043 2148.971680 206.566696
21.000044 2169.628418 207.555496
21.100044 2190.384033 208.544312
21.200045 2211.238525 209.533127
21.300045 2232.191895 210.521957
21.400045 2253.244141 211.510788
21.500046 2274.395264 212.499619
21.600046 2295.645264 213.488464
21.700047 2316.994141 214.477310
21.800047 2338.441895 215.466171
21.900047 2359.988525 216.455032
22.000048 2381.634033 217.443909
22.100048 2403.378418 218.432785
22.200048 2425.221680 219.421661
22.300049 2447.163818 220.410553
22.400049 2469.204834 221.399445
22.500050 2491.344727 222.388351
22.600050 2513.583496 223.377258
22.700050 2535.921143 224.366180
22.800051 2558.357666 225.355103
22.900051 2580.893066 226.344040
23.000051 2603.527588 227.332977
23.100052 2626.260986 228.321915
23.200052 2649.093262 229.310867
23.300053 2672.024414 230.299820
23.400053 2695.054443 231.288788
23.500053 2718.183350 232.277756
23.600054 2741.411133 233.266739
23.700054 2764.737793 234.255722
23.800055 2788.163330 235.244720
23.900055 2811.687744 236.233719
24.000055 2835.311035 237.222733
24.100056 2859.033203 238.211746
24.200056 2882.854492 239.200775
24.300056 2906.774658 240.189804
24.400057 2930.793701 241.178848
24.500057 2954.911621 242.167892
24.600058 2979.128418 243.156952
24.700058 3003.444092 244.146011
24.800058 3027.858643 245.135086
24.900059 3052.372070 246.124161
25.000059 3076.984375 247.113251
25.100060 3101.695801 248.102341
25.200060 3126.506104 249.091446
25.300060 3151.415283 250.080551
25.400061 3176.423340 251.069672
25.500061 3201.530273 252.058792
25.600061 3226.736084 253.047928
25.700062 3252.040771 254.037064
25.800062 3277.444580 255.026215
25.900063 3302.947266 256.015381
26.000063 3328.548828 257.004547
26.100063 3354.249268 257.993713
26.200064 3380.048584 258.982880
26.300064 3405.946777 259.972076
26.400064 3431.944092 260.961273
26.500065 3458.040283 261.950470
26.600065 3484.235352 262.939667
26.700066 3510.529297 263.928894
26.800066 3536.922119 264.918121
26.900066 3563.413818 265.907349
27.000067 3590.004639 266.896576
27.100067 3616.694336 267.885834
27.200068 3643.482910 268.875092
27.300068 3670.370361 269.864349
27.400068 3697.356689 270.853638
27.500069 3724.442139 271.842926
27.600069 3751.626465 272.832214
27.700069 3778.909668 273.821503
27.800070 3806.291748 274.810822
27.900070 3833.772949 275.800140
28.000071 3861.353027 276.789459
28.100071 3889.031982 277.778778
28.200071 3916.809814 278.768127
28.300072 3944.686523 279.757477
28.400072 3972.662354 280.746826
28.500072 4000.737061 281.736206
28.600073 4028.910645 282.725586
28.700073 4057.183105 283.714966
28.800074 4085.554688 284.704346
28.900074 4114.024902 285.693756
29.000074 4142.594238 286.683167
29.100075 4171.262695 287.672577
29.200075 4200.029785 288.662018
29.300076 4228.895996 289.651459
29.400076 4257.861328 290.640900
29.500076 4286.925293 291.630341
29.600077 4316.088379 292.619812
29.700077 4345.350586 293.609283
29.800077 4374.711426 294.598755
29.900078 4404.171387 295.588257
30.000078 4433.729980 296.577759
30.100079 4463.387695 297.567261
30.200079 4493.144531 298.556793
30.300079 4523.000000 299.546326
30.400080 4552.954590 300.535858
30.500080 4583.008301 301.525391
30.600080 4613.160645 302.514954
30.700081 4643.412109 303.504517
30.800081 4673.762695 304.494080
30.900082 4704.211914 305.483673
31.000082 4734.760254 306.473267
31.100082 4765.407715 307.462860
31.200083 4796.153809 308.452484
31.300083 4826.999023 309.442108
31.400084 4857.943359 310.431732
31.500084 4888.986328 311.421387
31.600084 4920.128418 312.411041
31.700085 4951.369629 313.400696
31.800085 4982.709473 314.390350
31.900085 5014.148438 315.380035
32.000084 5045.686523 316.369720
32.100082 5077.323730 317.359406
32.200081 5109.059570 318.349121
32.300079 5140.894531 319.338837
32.400078 5172.828613 320.328552
32.500076 5204.861328 321.318298
32.600075 5236.993164 322.308044
32.700073 5269.224121 323.297791
32.800072 5301.553711 324.287567
32.900070 5333.982422 325.277344
33.000069 5366.510254 326.267120
33.100067 5399.137207 327.256927
33.200066 5431.862793 328.246735
33.300064 5464.687500 329.236542
33.400063 5497.611328 330.226379
33.500061 5530.633789 331.216217
33.600060 5563.755371 332.206055
33.700058 5596.976074 333.195923
33.800056 5630.295898 334.185791
33.900055 5663.714355 335.175659
34.000053 5697.231934 336.165558
34.100052 5730.848633 337.155457
34.200050 5764.563965 338.145355
34.300049 5798.378418 339.135284
34.400047 5832.291992 340.125214
34.500046 5866.304688 341.115143
34.600044 5900.416016 342.105103
34.700043 5934.626465 343.095062
34.800041 5968.936035 344.085022
34.900040 6003.344727 345.075012
35.000038 6037.852051 346.065002
35.100037 6072.458496 347.054993
35.200035 6107.164062 348.045013
35.300034 6141.968750 349.035034
35.400032 6176.872070 350.025085
35.500031 6211.874512 351.015137
35.600029 6246.976074 352.005188
35.700027 6282.176758 352.995270
35.800026 6317.476074 353.985352
35.900024 6352.874512 354.975433
36.000023 6388.372070 355.965546
36.100021 6423.968750 356.955658
36.200020 6459.664551 357.945770
36.300018 6495.458984 358.935913
36.400017 6531.352539 359.926056
36.500015 6567.345215 360.916199
36.600014 6603.437012 361.906372
36.700012 6639.627441 362.896545
36.800011 6675.916992 363.886749
36.900009 6712.305664 364.876953
37.000008 6748.793457 365.867157
37.100006 6785.380371 366.857391
37.200005 6822.065918 367.847626
37.300003 6858.850586 368.837860
37.400002 6895.734375 369.828125
37.500000 6932.717285 370.818390
37.599998 6969.799316 371.808655
37.699997 7006.979980 372.798950
37.799995 7044.259766 373.789246
37.899994 7081.638672 374.779572
37.999992 7119.116699 375.769897
38.099991 7156.693848 376.760223
38.199989 7194.369629 377.750580
38.299988 7232.144531 378.740936
38.399986 7270.018555 379.731323
38.499985 7307.991699 380.721710
38.599983 7346.063965 381.712097
38.699982 7384.235352 382.702515
38.799980 7422.505371 383.692932
38.899979 7460.874512 384.683350
38.999977 7499.342773 385.673798
39.099976 7537.910156 386.664246
39.199974 7576.576660 387.654724
39.299973 7615.342285 388.645203
39.399971 7654.207031 389.635681
39.499969 7693.170410 390.626190
39.599968 7732.232910 391.616699
39.699966 7771.394531 392.607239
39.799965 7810.655273 393.597778
39.899963 7850.015137 394.588318
39.999962 7889.474121 395.578888
40.099960 7929.032227 396.569458
40.199959 7968.688965 397.560059
40.299957 8008.444824 398.550659
40.399956 8048.299805 399.541260
40.499954 8088.253906 400.531891
40.599953 8128.307129 401.522522
40.699951 8168.459473 402.513184
40.799950 8208.710938 403.503845
40.899948 8249.061523 404.494507
40.999947 8289.510742 405.485199
41.099945 8330.059570 406.475891
41.199944 8370.707031 407.466614
41.299942 8411.454102 408.457336
41.399940 8452.299805 409.448059
41.499939 8493.244141 410.438812
41.599937 8534.288086 411.429565
41.699936 8575.430664 412.420349
41.799934 8616.672852 413.411133
41.899933 8658.013672 414.401917
41.999931 8699.454102 415.392731
42.099930 8740.993164 416.383545
42.199928 8782.631836 417.374390
42.299927 8824.369141 418.365234
42.399925 8866.206055 419.356110
42.499924 8908.141602 420.346985
42.599922 8950.176758 421.337860
42.699921 8992.310547 422.328766
42.799919 9034.542969 423.319672
42.899918 9076.875000 424.310608
42.999916 9119.305664 425.301544
43.099915 9161.835938 426.292511
43.199913 9204.464844 427.283478
43.299911 9247.193359 428.274445
43.399910 9290.020508 429.265442
43.499908 9332.947266 430.256439
43.599907 9375.972656 431.247467
43.699905 9419.097656 432.238495
43.799904 9462.321289 433.229553
43.899902 9505.644531 434.220612
43.999901 9549.066406 435.211670
44.099899 9592.587891 436.202759
44.199898 9636.208008 437.193848
44.299896 9679.927734 438.184967
44.399895 9723.746094 439.176086
44.499893 9767.664062 440.167236
44.599892 9811.680664 441.158386
44.699890 9855.796875 442.149567
44.799889 9900.011719 443.140747
44.899887 9944.326172 444.131927
44.999886 9988.739258 445.123138
45.099884 10033.251953 446.114349
45.199883 10077.863281 447.105591
45.299881 10122.574219 448.096832
45.399879 10167.383789 449.088104
45.499878 10212.292969 450.079376
45.599876 10257.300781 451.070679
45.699875 10302.408203 452.061981
45.799873 10347.614258 453.053284
45.899872 10392.919922 454.044617
45.999870 10438.324219 455.035950
46.099869 10483.828125 456.027313
46.199867 10529.430664 457.018677
46.299866 10575.132812 458.010071
46.399864 10620.933594 459.001465
46.499863 10666.833984 459.992889
46.599861 10712.833008 460.984314
46.699860 10758.931641 461.975769
46.799858 10805.128906 462.967224
46.899857 10851.425781 463.958710
46.999855 10897.821289 464.950195
47.099854 10944.316406 465.941681
47.199852 10990.910156 466.933197
47.299850 11037.603516 467.924713
47.399849 11084.395508 468.916260
47.499847 11131.287109 469.907806
47.599846 11178.278320 470.899384
47.699844 11225.368164 471.890961
47.799843 11272.557617 472.882568
47.899841 11319.845703 473.874176
47.999840 11367.233398 474.865814
48.099838 11414.719727 475.857452
48.199837 11462.305664 476.849121
48.299835 11509.990234 477.840790
48.399834 11557.774414 478.832489
48.499832 11605.657227 479.824188
48.599831 11653.639648 480.815918
48.699829 11701.721680 481.807648
48.799828 11749.902344 482.799408
48.899826 11798.182617 483.791168
48.999825 11846.561523 484.782959
49.099823 11895.040039 485.774750
49.199821 11943.617188 486.766571
49.299820 11992.293945 487.758392
49.399818 12041.069336 488.750214
49.499817 12089.944336 489.742065
49.599815 12138.918945 490.733917
49.699814 12187.992188 491.725800
49.799812 12237.165039 492.717682
49.899811 12286.436523 493.709595
49.999809 12335.807617 494.701508
50.099808 12385.277344 495.693451
50.199806 12434.846680 496.685394
50.299805 12484.515625 497.677368
50.399803 12534.283203 498.669342
50.499802 12584.150391 499.661346
50.599800 12634.116211 500.653351
50.699799 12684.181641 501.645386
50.799797 12734.345703 502.637421
50.899796 12784.609375 503.629486
50.999794 12834.972656 504.621552
51.099792 12885.434570 505.613647
51.199791 12935.996094 506.605743
51.299789 12986.656250 507.597870
51.399788 13037.416016 508.589996
51.499786 13088.275391 509.582153
51.599785 13139.233398 510.574341
51.699783 13190.291016 511.566528
51.799782 13241.447266 512.558716
51.899780 13292.703125 513.550964
51.999779 13344.058594 514.543213
52.099777 13395.512695 515.535461
52.199776 13447.066406 516.527710
52.299774 13498.718750 517.520020
52.399773 13550.470703 518.512329
52.499771 13602.322266 519.504639
52.599770 13654.272461 520.496948
52.699768 13706.322266 521.489319
52.799767 13758.471680 522.481689
52.899765 13810.719727 523.474060
52.999763 13863.067383 524.466431
53.099762 13915.513672 525.458862
53.199760 13968.059570 526.451294
53.299759 14020.705078 527.443726
53.399757 14073.449219 528.436157
53.499756 14126.292969 529.428650
53.599754 14179.235352 530.421143
53.699753 14232.277344 531.413635
53.799751 14285.418945 532.406189
53.899750 14338.659180 533.398743
53.999748 14391.999023 534.391296
54.099747 14445.438477 535.383850
54.199745 14498.976562 536.376465
54.299744 14552.614258 537.369080
54.399742 14606.351562 538.361694
54.499741 14660.187500 539.354309
54.599739 14714.123047 540.346985
54.699738 14768.158203 541.339661
54.799736 14822.291992 542.332336
54.899734 14876.525391 543.325012
54.999733 14930.857422 544.317749
55.099731 14985.289062 545.310486
55.199730 15039.820312 546.303223
55.299728 15094.450195 547.296021
55.399727 15149.179688 548.288818
55.499725 15204.008789 549.281616
55.599724 15258.936523 550.274414
55.699722 15313.963867 551.267273
55.799721 15369.090820 552.260132
55.899719 15424.316406 553.252991
55.999718 15479.641602 554.245850
56.099716 15535.066406 555.238770
56.199715 15590.589844 556.231689
56.299713 15646.212891 557.224609
56.399712 15701.935547 558.217590
56.499710 15757.756836 559.210571
56.599709 15813.677734 560.203552
56.699707 15869.698242 561.196533
56.799706 15925.818359 562.189575
56.899704 15982.037109 563.182617
56.999702 16038.355469 564.175659
57.099701 16094.773438 565.168762
57.199699 16151.290039 566.161865
57.299698 16207.906250 567.154968
57.399696 16264.622070 568.148071
57.499695 16321.436523 569.141235
57.599693 16378.350586 570.134399
57.699692 16435.363281 571.127563
57.799690 16492.476562 572.120789
57.899689 16549.689453 573.114014
57.999687 16607.000000 574.107239
58.099686 16664.410156 575.100464
58.199684 16721.919922 576.093750
58.299683 16779.529297 577.087036
58.399681 16837.238281 578.080322
58.499680 16895.046875 579.073669
58.599678 16952.955078 580.067017
58.699677 17010.960938 581.060364
58.799675 17069.066406 582.053711
58.899673 17127.271484 583.047119
58.999672 17185.576172 584.040527
59.099670 17243.980469 585.033936
59.199669 17302.484375 586.027405
59.299667 17361.087891 587.020874
59.399666 17419.789062 588.014343
59.499664 17478.589844 589.007874
59.599663 17537.490234 590.001404
59.699661 17596.490234 590.994934
59.799660 17655.589844 591.988464
59.899658 17714.789062 592.982056
59.999657 17774.087891 593.975647
60.099655 17833.486328 594.969238
60.199654 17892.982422 595.962891
60.299652 17952.578125 596.956543
60.399651 18012.273438 597.950195
60.499649 18072.068359 598.943848
60.599648 18131.962891 599.937561
60.699646 18191.957031 600.931274
60.799644 18252.050781 601.924988
60.899643 18312.244141 602.918762
60.999641 18372.535156 603.912537
61.099640 18432.925781 604.906311
61.199638 18493.416016 605.900146
61.299637 18554.005859 606.893982
61.399635 18614.695312 607.887817
61.499634 18675.484375 608.881714
61.599632 18736.373047 609.875610
61.699631 18797.361328 610.869507
61.799629 18858.449219 611.863403
61.899628 18919.634766 612.857361
61.999626 18980.919922 613.851318
62.099625 19042.304688 614.845276
62.199623 19103.789062 615.839294
62.299622 19165.373047 616.833313
62.399620 19227.056641 617.827332
62.499619 19288.839844 618.821411
62.599617 19350.722656 619.815491
62.699615 19412.705078 620.809570
62.799614 19474.785156 621.803711
62.899612 19536.964844 622.797852
62.999611 19599.244141 623.791992
63.099609 19661.623047 624.786133
63.199608 19724.101562 625.780334
63.299606 19786.679688 626.774536
63.399605 19849.357422 627.768738
63.499603 19912.134766 628.763000
63.599602 19975.011719 629.757263
63.699600 20037.988281 630.751526
63.799599 20101.062500 631.745850
63.899597 20164.236328 632.740173
63.999596 20227.509766 633.734497
64.099594 20290.882812 634.728882
64.199593 20354.355469 635.723267
64.299591 20417.927734 636.717651
64.399590 20481.599609 637.712097
64.499588 20545.371094 638.706543
64.599586 20609.242188 639.700989
64.699585 20673.212891 640.695435
64.799583 20737.283203 641.689941
64.899582 20801.453125 642.684448
64.999580 20865.720703 643.678955
65.099579 20930.087891 644.673523
65.199577 20994.554688 645.668091
65.299576 21059.121094 646.662659
65.399574 21123.787109 647.657288
65.499573 21188.552734 648.651917
65.599571 21253.417969 649.646545
65.699570 21318.382812 650.641235
65.799568 21383.447266 651.635925
65.899567 21448.611328 652.630615
65.999565 21513.875000 653.625366
66.099564 21579.238281 654.620117
66.199562 21644.701172 655.614868
66.299561 21710.261719 656.609680
66.399559 21775.921875 657.604492
66.499557 21841.681641 658.599304
66.599556 21907.541016 659.594177
66.699554 21973.500000 660.589050
66.799553 22039.558594 661.583923
66.899551 22105.716797 662.578857
66.999550 22171.974609 663.573792
67.099548 22238.332031 664.568726
67.199547 22304.789062 665.563721
67.299545 22371.345703 666.558716
67.399544 22438.001953 667.553711
67.499542 22504.757812 668.548767
67.599541 22571.613281 669.543823
67.699539 22638.568359 670.538879
67.799538 22705.623047 671.533997
67.899536 22772.777344 672.529114
67.999535 22840.029297 673.524231
68.099533 22907.380859 674.519409
68.199532 22974.832031 675.514587
68.299530 23042.382812 676.509766
68.399529 23110.033203 677.505005
68.499527 23177.783203 678.500244
68.599525 23245.632812 679.495483
68.699524 23313.582031 680.490784
68.799522 23381.630859 681.486084
68.899521 23449.779297 682.481384
68.999519 23518.027344 683.476746
69.099518 23586.375000 684.472107
69.199516 23654.822266 685.467468
69.299515 23723.369141 686.462891
69.399513 23792.015625 687.458313
69.499512 23860.761719 688.453735
69.599510 23929.607422 689.449219
69.699509 23998.552734 690.444702
69.799507 24067.597656 691.440186
69.899506 24136.742188 692.435730
69.999504 24205.986328 693.431274
70.099503 24275.330078 694.426819
70.199501 24344.773438 695.422424
70.299500 24414.316406 696.418030
70.399498 24483.958984 697.413696
70.499496 24553.701172 698.409363
70.599495 24623.542969 699.405029
70.699493 24693.484375 700.400757
70.799492 24763.525391 701.396484
70.899490 24833.664062 702.392212
70.999489 24903.902344 703.388000
71.099487 24974.240234 704.383789
71.199486 25044.677734 705.379578
71.299484 25115.214844 706.375427
71.399483 25185.851562 707.371277
71.499481 25256.587891 708.367126
71.599480 25327.423828 709.363037
71.699478 25398.359375 710.358948
71.799477 25469.394531 711.354858
71.899475 25540.529297 712.350830
71.999474 25611.763672 713.346802
72.099472 25683.097656 714.342834
72.199471 25754.531250 715.338867
72.299469 25826.064453 716.334900
72.399467 25897.697266 717.330994
72.499466 25969.429688 718.327087
72.599464 26041.261719 719.323181
72.699463 26113.193359 720.319336
72.799461 26185.224609 721.315491
72.899460 26257.355469 722.311646
72.999458 26329.585938 723.307861
73.099457 26401.916016 724.304077
73.199455 26474.345703 725.300293
73.299454 26546.875000 726.296570
73.399452 26619.503906 727.292847
73.499451 26692.232422 728.289185
73.599449 26765.060547 729.285522
73.699448 26837.988281 730.281860
73.799446 26911.015625 731.278259
73.899445 26984.142578 732.274658
73.999443 27057.369141 733.271057
74.099442 27130.695312 734.267517
74.199440 27204.121094 735.263977
74.299438 27277.648438 736.260437
74.399437 27351.275391 737.256958
74.499435 27425.001953 738.253479
74.599434 27498.828125 739.250061
74.699432 27572.753906 740.246643
74.799431 27646.779297 741.243225
74.899429 27720.904297 742.239868
74.999428 27795.128906 743.236511
75.099426 27869.453125 744.233154
75.199425 27943.876953 745.229858
75.299423 28018.400391 746.226562
75.399422 28093.023438 747.223328
75.499420 28167.746094 748.220093
75.599419 28242.568359 749.216858
75.699417 28317.490234 750.213684
75.799416 28392.511719 751.210510
75.899414 28467.632812 752.207336
75.999413 28542.853516 753.204224
76.099411 28618.173828 754.201111
76.199409 28693.593750 755.198059
76.299408 28769.113281 756.195007
76.399406 28844.732422 757.191956
76.499405 28920.451172 758.188965
76.599403 28996.269531 759.185974
76.699402 29072.187500 760.182983
76.799400 29148.205078 761.180054
76.899399 29224.322266 762.177124
76.999397 29300.539062 763.174255
77.099396 29376.857422 764.171387
77.199394 29453.275391 765.168518
77.299393 29529.792969 766.165710
77.399391 29606.410156 767.162903
77.499390 29683.126953 768.160095
77.599388 29759.943359 769.157349
77.699387 29836.859375 770.154602
77.799385 29913.875000 771.151917
77.899384 29990.990234 772.149231
77.999382 30068.205078 773.146545
78.099380 30145.519531 774.143921
78.199379 30222.933594 775.141296
78.299377 30300.447266 776.138733
78.399376 30378.060547 777.136169
78.499374 30455.773438 778.133606
78.599373 30533.585938 779.131104
78.699371 30611.500000 780.128601
78.799370 30689.513672 781.126099
78.899368 30767.626953 782.123657
78.999367 30845.839844 783.121216
79.099365 30924.152344 784.118835
79.199364 31002.564453 785.116455
79.299362 31081.076172 786.114075
79.399361 31159.687500 787.111755
79.499359 31238.398438 788.109436
79.599358 31317.208984 789.107178
79.699356 31396.119141 790.104919
79.799355 31475.128906 791.102661
79.899353 31554.238281 792.100464
79.999352 31633.449219 793.098267
80.099350 31712.759766 794.096130
80.199348 31792.169922 795.093994
80.299347 31871.679688 796.091858
80.399345 31951.289062 797.089783
80.499344 32030.998047 798.087708
80.599342 32110.806641 799.085693
80.699341 32190.714844 800.083679
80.799339 32270.722656 801.081665
80.899338 32350.830078 802.079712
80.999336 32431.037109 803.077759
81.099335 32511.345703 804.075867
81.199333 32591.753906 805.073975
81.299332 32672.261719 806.072083
81.399330 32752.869141 807.070251
81.499329 32833.574219 808.068420
81.599327 32914.382812 809.066650
81.699326 32995.289062 810.064880
81.799324 33076.296875 811.063110
81.899323 33157.402344 812.061401
81.999321 33238.609375 813.059692
82.099319 33319.914062 814.058044
82.199318 33401.320312 815.056396
82.299316 33482.824219 816.054749
82.399315 33564.429688 817.053162
82.499313 33646.136719 818.051575
82.599312 33727.941406 819.050049
82.699310 33809.847656 820.048523
82.799309 33891.851562 821.046997
82.899307 33973.957031 822.045532
82.999306 34056.160156 823.044067
83.099304 34138.464844 824.042664
83.199303 34220.867188 825.041260
83.299301 34303.371094 826.039856
83.399300 34385.976562 827.038513
83.499298 34468.679688 828.037170
83.599297 34551.484375 829.035889
83.699295 34634.386719 830.034607
83.799294 34717.390625 831.033325
83.899292 34800.492188 832.032104
83.999290 34883.695312 833.030884
84.099289 34967.000000 834.029724
84.199287 35050.402344 835.028564
84.299286 35133.906250 836.027466
84.399284 35217.507812 837.026367
84.499283 35301.210938 838.025269
84.599281 35385.011719 839.024231
84.699280 35468.914062 840.023193
84.799278 35552.917969 841.022217
84.899277 35637.019531 842.021240
84.999275 35721.222656 843.020264
85.099274 35805.523438 844.019348
85.199272 35889.925781 845.018433
85.299271 35974.425781 846.017578
85.399269 36059.027344 847.016724
85.499268 36143.730469 848.015930
85.599266 36228.531250 849.015137
85.699265 36313.433594 850.014343
85.799263 36398.433594 851.013611
85.899261 36483.535156 852.012878
85.999260 36568.738281 853.012207
86.099258 36654.039062 854.011536
86.199257 36739.441406 855.010925
86.299255 36824.941406 856.010315
86.399254 36910.542969 857.009705
86.499252 36996.242188 858.009155
86.599251 37082.042969 859.008606
86.699249 37167.945312 860.008118
86.799248 37253.945312 861.007629
86.899246 37340.046875 862.007202
86.999245 37426.246094 863.006775
87.099243 37512.546875 864.006348
87.199242 37598.949219 865.005981
87.299240 37685.449219 866.005615
87.399239 37772.050781 867.005310
87.499237 37858.750000 868.005005
87.599236 37945.550781 869.004761
87.699234 38032.453125 870.004517
87.799232 38119.453125 871.004272
87.899231 38206.554688 872.004089
87.999229 38293.753906 873.003906
88.099228 38381.054688 874.003784
88.199226 38468.453125 875.003662
88.299225 38555.953125 876.003601
88.399223 38643.554688 877.003540
88.499222 38731.253906 878.003479
88.599220 38819.054688 879.003479
88.699219 38906.953125 880.003479
88.799217 38994.953125 881.003540
88.899216 39083.054688 882.003601
88.999214 39171.253906 883.003723
89.099213 39259.554688 884.003845
89.199211 39347.953125 885.003967
89.299210 39436.453125 886.004150
89.399208 39525.054688 887.004333
89.499207 39613.753906 888.004578
89.599205 39702.554688 889.004822
89.699203 39791.457031 890.005127
89.799202 39880.457031 891.005432
89.899200 39969.558594 892.005798
89.999199 40058.757812 893.006165
90.099197 40148.058594 894.006531
90.199196 40237.460938 895.006958
90.299194 40326.960938 896.007385
90.399193 40416.562500 897.007874
90.499191 40506.261719 898.008362
90.599190 40596.062500 899.008911
90.699188 40685.964844 900.009460
90.799187 40775.964844 901.010071
90.899185 40866.066406 902.010681
90.999184 40956.265625 903.011292
91.099182 41046.566406 904.011963
91.199181 41136.968750 905.012634
91.299179 41227.468750 906.013367
91.399178 41318.070312 907.014099
91.499176 41408.773438 908.014893
91.599174 41499.574219 909.015686
91.699173 41590.476562 910.016541
91.799171 41681.476562 911.017395
91.899170 41772.578125 912.018250
91.999168 41863.781250 913.019165
92.099167 41955.082031 914.020081
92.199165 42046.484375 915.021057
92.299164 42137.988281 916.022034
92.399162 42229.589844 917.023071
92.499161 42321.292969 918.024109
92.599159 42413.093750 919.025208
92.699158 42504.996094 920.026306
92.799156 42597.000000 921.027466
92.899155 42689.101562 922.028625
92.999153 42781.304688 923.029785
93.099152 42873.609375 924.031006
93.199150 42966.011719 925.032227
93.299149 43058.515625 926.033508
93.399147 43151.117188 927.034790
93.499146 43243.820312 928.036133
93.599144 43336.625000 929.037476
93.699142 43429.527344 930.038879
93.799141 43522.531250 931.040283
93.899139 43615.636719 932.041748
93.999138 43708.839844 933.043213
94.099136 43802.144531 934.044739
94.199135 43895.550781 935.046265
94.299133 43989.054688 936.047791
94.399132 44082.660156 937.049377
94.499130 44176.363281 938.050964
94.599129 44270.167969 939.052612
94.699127 44364.074219 940.054260
94.799126 44458.078125 941.055969
94.899124 44552.183594 942.057678
94.999123 44646.390625 943.059448
95.099121 44740.695312 944.061218
95.199120 44835.101562 945.063049
95.299118 44929.609375 946.064880
95.399117 45024.214844 947.066772
95.499115 45118.921875 948.068665
95.599113 45213.730469 949.070618
95.699112 45308.636719 950.072571
95.799110 45403.644531 951.074524
95.899109 45498.753906 952.076538
95.999107 45593.960938 953.078552
96.099106 45689.269531 954.080627
96.199104 45784.675781 955.082703
96.299103 45880.183594 956.084839
96.399101 45975.792969 957.086975
96.499100 46071.500000 958.089172
96.599098 46167.308594 959.091370
96.699097 46263.218750 960.093628
96.799095 46359.226562 961.095886
96.899094 46455.335938 962.098206
96.999092 46551.546875 963.100525
97.099091 46647.855469 964.102905
97.199089 46744.265625 965.105286
97.299088 46840.777344 966.107727
97.399086 46937.386719 967.110168
97.499084 47034.097656 968.112671
97.599083 47130.910156 969.115173
97.699081 47227.820312 970.117676
97.799080 47324.832031 971.120239
97.899078 47421.945312 972.122803
97.999077 47519.156250 973.125427
98.099075 47616.468750 974.128052
98.199074 47713.882812 975.130737
98.299072 47811.394531 976.133423
98.399071 47909.007812 977.136169
98.499069 48006.722656 978.138916
98.599068 48104.535156 979.141724
98.699066 48202.449219 980.144531
98.799065 48300.464844 981.147400
98.899063 48398.578125 982.150269
98.999062 48496.792969 983.153198
99.099060 48595.109375 984.156128
99.199059 48693.523438 985.159119
99.299057 48792.039062 986.162109
99.399055 48890.656250 987.165161
99.499054 48989.371094 988.168213
99.599052 49088.187500 989.171326
99.699051 49187.105469 990.174438
99.799049 49286.121094 991.177612
99.899048 49385.238281 992.180786
99.999046 49484.457031 993.184021
100.099045 49583.777344 994.187256
100.199043 49683.195312 995.190552
100.299042 49782.714844 996.193848
100.399040 49882.335938 997.197205
100.499039 49982.054688 998.200562
100.599037 50081.875000 999.203979
100.699036 50181.796875 1000.207397
100.799034 50281.816406 1001.210876
100.899033 50381.937500 1002.214355
100.999031 50482.160156 1003.217896
101.099030 50582.480469 1004.221436
101.199028 50682.902344 1005.225037
101.299026 50783.425781 1006.228638
101.399025 50884.046875 1007.232300
101.499023 50984.769531 1008.235962
101.599022 51085.593750 1009.239685
101.699020 51186.519531 1010.243408
101.799019 51287.542969 1011.247192
101.899017 51388.667969 1012.250977
101.999016 51489.894531 1013.254761
102.099014 51591.218750 1014.258606
102.199013 51692.644531 1015.262451
102.299011 51794.171875 1016.266357
102.399010 51895.796875 1017.270264
102.499008 51997.523438 1018.274231
102.599007 52099.351562 1019.278259
102.699005 52201.281250 1020.282288
102.799004 52303.308594 1021.286377
102.899002 52405.437500 1022.290466
102.999001 52507.667969 1023.294617
103.098999 52609.996094 1024.298828
103.198997 52712.425781 1025.302979
103.298996 52814.957031 1026.307251
103.398994 52917.585938 1027.311523
103.498993 53020.316406 1028.315796
103.598991 53123.148438 1029.320068
103.698990 53226.082031 1030.324463
103.798988 53329.113281 1031.328857
103.898987 53432.246094 1032.333252
103.998985 53535.480469 1033.337646
104.098984 53638.812500 1034.342163
104.198982 53742.246094 1035.346680
104.298981 53845.781250 1036.351196
104.398979 53949.417969 1037.355713
104.498978 54053.152344 1038.360352
104.598976 54156.988281 1039.364990
104.698975 54260.925781 1040.369629
104.798973 54364.960938 1041.374268
104.898972 54469.097656 1042.379028
104.998970 54573.335938 1043.383789
105.098969 54677.675781 1044.388550
105.198967 54782.113281 1045.393311
105.298965 54886.652344 1046.398193
105.398964 54991.292969 1047.403076
105.498962 55096.035156 1048.407959
105.598961 55200.875000 1049.412842
105.698959 55305.816406 1050.417847
105.798958 55410.859375 1051.422852
105.898956 55516.000000 1052.427856
105.998955 55621.242188 1053.432861
106.098953 55726.585938 1054.437988
106.198952 55832.031250 1055.443115
106.298950 55937.574219 1056.448242
106.398949 56043.218750 1057.453369
106.498947 56148.964844 1058.458618
106.598946 56254.812500 1059.463867
106.698944 56360.757812 1060.469116
106.798943 56466.804688 1061.474487
106.898941 56572.953125 1062.479858
106.998940 56679.199219 1063.485229
107.098938 56785.546875 1064.490601
107.198936 56891.996094 1065.496094
107.298935 56998.546875 1066.501587
107.398933 57105.195312 1067.507080
107.498932 57211.945312 1068.512573
107.598930 57318.796875 1069.518188
107.698929 57425.750000 1070.523804
107.798927 57532.800781 1071.529419
107.898926 57639.953125 1072.535034
107.998924 57747.207031 1073.540771
108.098923 57854.562500 1074.546509
108.198921 57962.015625 1075.552246
108.298920 58069.570312 1076.557983
108.398918 58177.226562 1077.563843
108.498917 58284.984375 1078.569702
108.598915 58392.839844 1079.575562
108.698914 58500.796875 1080.581543
108.798912 58608.855469 1081.587524
108.898911 58717.015625 1082.593506
108.998909 58825.273438 1083.599487
109.098907 58933.632812 1084.605591
109.198906 59042.093750 1085.611694
109.298904 59150.656250 1086.617798
109.398903 59259.316406 1087.623901
109.498901 59368.078125 1088.630127
109.598900 59476.941406 1089.636353
109.698898 59585.906250 1090.642578
109.798897 59694.968750 1091.648804
109.898895 59804.132812 1092.655151
109.998894 59913.398438 1093.661499
110.098892 60022.765625 1094.667847
110.198891 60132.230469 1095.674316
110.298889 60241.796875 1096.680786
110.398888 60351.464844 1097.687256
110.498886 60461.234375 1098.693726
110.598885 60571.105469 1099.700317
110.698883 60681.074219 1100.706909
110.798882 60791.144531 1101.713501
110.898880 60901.316406 1102.720093
110.998878 61011.589844 1103.726807
111.098877 61121.960938 1104.733521
111.198875 61232.433594 1105.740234
111.298874 61343.007812 1106.746948
111.398872 61453.683594 1107.753784
111.498871 61564.457031 1108.760620
111.598869 61675.332031 1109.767456
111.698868 61786.308594 1110.774414
111.798866 61897.386719 1111.781372
111.898865 62008.566406 1112.788330
111.998863 62119.843750 1113.795288
112.098862 62231.222656 1114.802368
112.198860 62342.703125 1115.809448
112.298859 62454.285156 1116.816528
112.398857 62565.968750 1117.823608
112.498856 62677.750000 1118.830811
112.598854 62789.632812 1119.838013
112.698853 62901.617188 1120.845215
112.798851 63013.703125 1121.852539
112.898849 63125.886719 1122.859863
112.998848 63238.171875 1123.867188
113.098846 63350.558594 1124.874512
113.198845 63463.046875 1125.881958
113.298843 63575.636719 1126.889404
113.398842 63688.324219 1127.896851
113.498840 63801.113281 1128.904419
113.598839 63914.003906 1129.911987
113.698837 64026.996094 1130.919556
113.798836 64140.089844 1131.927124
113.898834 64253.281250 1132.934814
113.998833 64366.574219 1133.942505
114.098831 64479.968750 1134.950195
114.198830 64593.464844 1135.957886
114.298828 64707.062500 1136.965698
114.398827 64820.757812 1137.973511
114.498825 64934.554688 1138.981323
114.598824 65048.453125 1139.989258
114.698822 65162.453125 1140.997192
114.798820 65276.554688 1142.005127
114.898819 65390.753906 1143.013062
114.998817 65505.054688 1144.021118
115.098816 65619.453125 1145.029175
115.198814 65733.953125 1146.037231
115.298813 65848.554688 1147.045410
115.398811 65963.257812 1148.053589
115.498810 66078.062500 1149.061768
115.598808 66192.968750 1150.069946
115.698807 66307.976562 1151.078247
115.798805 66423.085938 1152.086548
115.898804 66538.296875 1153.094849
115.998802 66653.609375 1154.103149
116.098801 66769.023438 1155.111572
116.198799 66884.531250 1156.119995
116.298798 67000.140625 1157.128418
116.398796 67115.851562 1158.136963
116.498795 67231.664062 1159.145508
116.598793 67347.578125 1160.154053
116.698792 67463.593750 1161.162598
116.798790 67579.710938 1162.171265
116.898788 67695.929688 1163.179932
116.998787 67812.250000 1164.188599
117.098785 67928.671875 1165.197388
117.198784 68045.195312 1166.206177
117.298782 68161.812500 1167.214966
117.398781 68278.531250 1168.223755
117.498779 68395.351562 1169.232666
117.598778 68512.273438 1170.241577
117.698776 68629.296875 1171.250488
117.798775 68746.421875 1172.259521
117.898773 68863.648438 1173.268555
117.998772 68980.976562 1174.277588
118.098770 69098.406250 1175.286621
118.198769 69215.937500 1176.295776
118.298767 69333.570312 1177.304932
118.398766 69451.304688 1178.314087
118.498764 69569.132812 1179.323364
118.598763 69687.062500 1180.332642
118.698761 69805.093750 1181.341919
118.798759 69923.226562 1182.351196
118.898758 70041.460938 1183.360596
118.998756 70159.796875 1184.369995
119.098755 70278.234375 1185.379395
119.198753 70396.773438 1186.388916
119.298752 70515.414062 1187.398438
119.398750 70634.156250 1188.407959
119.498749 70753.000000 1189.417603
119.598747 70871.945312 1190.427246
119.698746 70990.984375 1191.436890
119.798744 71110.125000 1192.446533
119.898743 71229.367188 1193.456299
119.998741 71348.710938 1194.466064
120.098740 71468.156250 1195.475830
120.198738 71587.703125 1196.485718
120.298737 71707.351562 1197.495605
120.398735 71827.101562 1198.505493
120.498734 71946.953125 1199.515381
120.598732 72066.906250 1200.525391
120.698730 72186.960938 1201.535400
120.798729 72307.117188 1202.545410
120.898727 72427.375000 1203.555542
120.998726 72547.734375 1204.565674
121.098724 72668.187500 1205.575806
121.198723 72788.742188 1206.585938
121.298721 72909.398438 1207.596191
121.398720 73030.156250 1208.606445
121.498718 73151.015625 1209.616699
121.598717 73271.976562 1210.627075
121.698715 73393.039062 1211.637451
121.798714 73514.203125 1212.647827
121.898712 73635.468750 1213.658325
121.998711 73756.835938 1214.668823
122.098709 73878.304688 1215.679321
122.198708 73999.875000 1216.689819
122.298706 74121.546875 1217.700439
122.398705 74243.320312 1218.711060
122.498703 74365.195312 1219.721680
122.598701 74487.164062 1220.732422
122.698700 74609.234375 1221.743164
122.798698 74731.406250 1222.753906
122.898697 74853.679688 1223.764771
122.998695 74976.054688 1224.775635
123.098694 75098.531250 1225.786499
123.198692 75221.109375 1226.797363
123.298691 75343.789062 1227.808350
123.398689 75466.570312 1228.819336
123.498688 75589.453125 1229.830322
123.598686 75712.437500 1230.841431
123.698685 75835.523438 1231.852539
123.798683 75958.710938 1232.863647
123.898682 76082.000000 1233.874878
123.998680 76205.390625 1234.886108
124.098679 76328.882812 1235.897339
124.198677 76452.468750 1236.908569
124.298676 76576.156250 1237.919922
124.398674 76699.945312 1238.931274
124.498672 76823.835938 1239.942627
124.598671 76947.828125 1240.954102
124.698669 77071.921875 1241.965576
124.798668 77196.117188 1242.977051
124.898666 77320.414062 1243.988647
124.998665 77444.812500 1245.000244
125.098663 77569.312500 1246.011841
125.198662 77693.914062 1247.023438
125.298660 77818.617188 1248.035156
125.398659 77943.421875 1249.046875
125.498657 78068.328125 1250.058594
125.598656 78193.335938 1251.070435
125.698654 78318.445312 1252.082275
125.798653 78443.656250 1253.094116
125.898651 78568.968750 1254.106079
125.998650 78694.382812 1255.118042
126.098648 78819.898438 1256.130005
126.198647 78945.507812 1257.141968
126.298645 79071.218750 1258.154053
126.398643 79197.031250 1259.166138
126.498642 79322.945312 1260.178223
126.598640 79448.960938 1261.190430
126.698639 79575.078125 1262.202637
126.798637 79701.296875 1263.214844
126.898636 79827.617188 1264.227173
126.998634 79954.039062 1265.239502
127.098633 80080.562500 1266.251831
127.198631 80207.187500 1267.264282
127.298630 80333.914062 1268.276733
127.398628 80460.742188 1269.289185
127.498627 80587.671875 1270.301636
127.598625 80714.703125 1271.314209
127.698624 80841.835938 1272.326782
127.798622 80969.070312 1273.339355
127.898621 81096.406250 1274.352051
127.998619 81223.843750 1275.364746
128.098618 81351.382812 1276.377441
128.198624 81479.023438 1277.390259
128.298630 81606.765625 1278.403076
128.398636 81734.609375 1279.415894
128.498642 81862.554688 1280.428833
128.598648 81990.593750 1281.441772
128.698654 82118.734375 1282.454712
128.798660 82246.976562 1283.467773
128.898666 82375.320312 1284.480835
128.998672 82503.765625 1285.493896
129.098679 82632.312500 1286.506958
129.198685 82760.960938 1287.520142
129.298691 82889.710938 1288.533325
129.398697 83018.562500 1289.546509
129.498703 83147.515625 1290.559814
129.598709 83276.570312 1291.573120
129.698715 83405.726562 1292.586426
129.798721 83534.984375 1293.599854
129.898727 83664.343750 1294.613281
129.998734 83793.804688 1295.626709
130.098740 83923.367188 1296.640259
130.198746 84053.031250 1297.653809
130.298752 84182.796875 1298.667358
130.398758 84312.664062 1299.681030
130.498764 84442.632812 1300.694702
130.598770 84572.703125 1301.708374
130.698776 84702.875000 1302.722046
130.798782 84833.148438 1303.735840
130.898788 84963.523438 1304.749634
130.998795 85094.000000 1305.763428
131.098801 85224.578125 1306.777344
131.198807 85355.257812 1307.791260
131.298813 85486.039062 1308.805176
131.398819 85616.921875 1309.819214
131.498825 85747.906250 1310.833252
131.598831 85878.992188 1311.847290
131.698837 86010.179688 1312.861450
131.798843 86141.468750 1313.875610
131.898849 86272.859375 1314.889771
131.998856 86404.351562 1315.904053
132.098862 86535.945312 1316.918335
132.198868 86667.640625 1317.932617
132.298874 86799.437500 1318.947021
132.398880 86931.335938 1319.961426
132.498886 87063.335938 1320.975830
132.598892 87195.429688 1321.990356
132.698898 87327.625000 1323.004883
132.798904 87459.921875 1324.019409
132.898911 87592.320312 1325.033936
132.998917 87724.820312 1326.048584
133.098923 87857.421875 1327.063232
133.198929 87990.125000 1328.077881
133.298935 88122.929688 1329.092651
133.398941 88255.835938 1330.107422
133.498947 88388.843750 1331.122192
133.598953 88521.953125 1332.137085
133.698959 88655.164062 1333.151978
133.798965 88788.476562 1334.166870
133.898972 88921.890625 1335.181885
133.998978 89055.406250 1336.196899
134.098984 89189.023438 1337.211914
134.198990 89322.742188 1338.227051
134.298996 89456.562500 1339.242188
134.399002 89590.484375 1340.257324
134.499008 89724.507812 1341.272583
134.599014 89858.632812 1342.287842
134.699020 89992.859375 1343.303101
134.799026 90127.187500 1344.318481
134.899033 90261.617188 1345.333862
134.999039 90396.148438 1346.349243
135.099045 90530.781250 1347.364746
135.199051 90665.515625 1348.380249
135.299057 90800.351562 1349.395752
135.399063 90935.289062 1350.411377
135.499069 91070.328125 1351.427002
135.599075 91205.468750 1352.442627
135.699081 91340.710938 1353.458374
135.799088 91476.054688 1354.474121
135.899094 91611.500000 1355.489868
135.999100 91747.046875 1356.505737
136.099106 91882.695312 1357.521606
136.199112 92018.445312 1358.537476
136.299118 92154.296875 1359.553467
136.399124 92290.250000 1360.569458
136.499130 92426.304688 1361.585449
136.599136 92562.460938 1362.601562
136.699142 92698.718750 1363.617676
136.799149 92835.078125 1364.633789
136.899155 92971.539062 1365.650024
136.999161 93108.101562 1366.666260
137.099167 93244.765625 1367.682495
137.199173 93381.531250 1368.698730
137.299179 93518.398438 1369.715088
137.399185 93655.367188 1370.731445
137.499191 93792.437500 1371.747803
137.599197 93929.609375 1372.764282
137.699203 94066.882812 1373.780762
137.799210 94204.257812 1374.797241
137.899216 94341.734375 1375.813843
137.999222 94479.312500 1376.830444
138.099228 94616.992188 1377.847046
138.199234 94754.773438 1378.863770
138.299240 94892.656250 1379.880493
138.399246 95030.640625 1380.897217
138.499252 95168.726562 1381.914062
138.599258 95306.921875 1382.930908
138.699265 95445.218750 1383.947754
138.799271 95583.617188 1384.964722
138.899277 95722.117188 1385.981689
138.999283 95860.718750 1386.998657
139.099289 95999.421875 1388.015747
139.199295 96138.226562 1389.032837
139.299301 96277.132812 1390.049927
139.399307 96416.140625 1391.067139
139.499313 96555.250000 1392.084351
139.599319 96694.460938 1393.101562
139.699326 96833.773438 1394.118896
139.799332 96973.187500 1395.136230
139.899338 97112.703125 1396.153687
139.999344 97252.320312 1397.171143
140.099350 97392.039062 1398.188599
140.199356 97531.859375 1399.206177
140.299362 97671.781250 1400.223755
140.399368 97811.804688 1401.241333
140.499374 97951.929688 1402.259033
140.599380 98092.156250 1403.276733
140.699387 98232.484375 1404.294434
140.799393 98372.914062 1405.312256
140.899399 98513.445312 1406.330078
140.999405 98654.078125 1407.347900
141.099411 98794.812500 1408.365845
141.199417 98935.648438 1409.383789
141.299423 99076.585938 1410.401733
141.399429 99217.625000 1411.419800
141.499435 99358.765625 1412.437866
141.599442 99500.007812 1413.455933
141.699448 99641.351562 1414.474121
141.799454 99782.796875 1415.492310
141.899460 99924.343750 1416.510498
141.999466 100065.992188 1417.528809
142.099472 100207.742188 1418.547119
142.199478 100349.593750 1419.565430
142.299484 100491.546875 1420.583862
142.399490 100633.601562 1421.602295
142.499496 100775.765625 1422.620728
142.599503 100918.031250 1423.639282
142.699509 101060.398438 1424.657837
142.799515 101202.867188 1425.676392
142.899521 101345.437500 1426.695068
142.999527 101488.109375 1427.713745
143.099533 101630.882812 1428.732422
143.199539 101773.757812 1429.751221
143.299545 101916.734375 1430.770020
143.399551 102059.812500 1431.788818
143.499557 102202.992188 1432.807739
143.599564 102346.273438 1433.826660
143.699570 102489.656250 1434.845581
143.799576 102633.140625 1435.864624
143.899582 102776.726562 1436.883667
143.999588 102920.414062 1437.902832
144.099594 103064.203125 1438.921997
144.199600 103208.093750 1439.941162
144.299606 103352.085938 1440.960449
144.399612 103496.179688 1441.979736
144.499619 103640.375000 1442.999023
144.599625 103784.671875 1444.018433
144.699631 103929.070312 1445.037842
144.799637 104073.570312 1446.057251
144.899643 104218.179688 1447.076782
144.999649 104362.890625 1448.096313
145.099655 104507.703125 1449.115845
145.199661 104652.617188 1450.135498
145.299667 104797.632812 1451.155151
145.399673 104942.750000 1452.174805
145.499680 105087.968750 1453.194580
145.599686 105233.289062 1454.214355
145.699692 105378.710938 1455.234131
145.799698 105524.234375 1456.254028
145.899704 105669.859375 1457.273926
145.999710 105815.585938 1458.293823
146.099716 105961.414062 1459.313843
146.199722 106107.343750 1460.333862
146.299728 106253.375000 1461.354004
146.399734 106399.507812 1462.374146
146.499741 106545.742188 1463.394287
146.599747 106692.078125 1464.414551
146.699753 106838.523438 1465.434814
146.799759 106985.070312 1466.455078
146.899765 107131.718750 1467.475464
146.999771 107278.468750 1468.495850
147.099777 107425.320312 1469.516235
147.199783 107572.273438 1470.536743
147.299789 107719.328125 1471.557251
147.399796 107866.484375 1472.577759
147.499802 108013.742188 1473.598389
147.599808 108161.101562 1474.619019
147.699814 108308.562500 1475.639648
147.799820 108456.125000 1476.660400
147.899826 108603.789062 1477.681152
147.999832 108751.554688 1478.702026
148.099838 108899.421875 1479.722900
148.199844 109047.390625 1480.743774
148.299850 109195.468750 1481.764771
148.399857 109343.648438 1482.785767
148.499863 109491.929688 1483.806763
148.599869 109640.312500 1484.827881
148.699875 109788.796875 1485.848999
148.799881 109937.382812 1486.870117
148.899887 110086.070312 1487.891357
148.999893 110234.859375 1488.912598
149.099899 110383.750000 1489.933838
149.199905 110532.742188 1490.955200
149.299911 110681.835938 1491.976562
149.399918 110831.031250 1492.998047
149.499924 110980.328125 1494.019531
149.599930 111129.726562 1495.041016
149.699936 111279.234375 1496.062622
149.799942 111428.843750 1497.084229
149.899948 111578.554688 1498.105835
149.999954 111728.367188 1499.127563
150.099960 111878.281250 1500.149292
150.199966 112028.296875 1501.171021
150.299973 112178.414062 1502.192871
150.399979 112328.632812 1503.214722
150.499985 112478.953125 1504.236572
150.599991 112629.375000 1505.258545
150.699997 112779.898438 1506.280518
150.800003 112930.523438 1507.302612
150.900009 113081.250000 1508.324707
151.000015 113232.085938 1509.346802
151.100021 113383.023438 1510.369019
151.200027 113534.062500 1511.391235
151.300034 113685.203125 1512.413452
151.400040 113836.445312 1513.435791
151.500046 113987.789062 1514.458130
151.600052 114139.234375 1515.480469
151.700058 114290.781250 1516.502930
151.800064 114442.429688 1517.525391
151.900070 114594.179688 1518.547974
152.000076 114746.031250 1519.570557
152.100082 114897.992188 1520.593140
152.200089 115050.054688 1521.615845
152.300095 115202.218750 1522.638550
152.400101 115354.484375 1523.661255
152.500107 115506.851562 1524.684082
152.600113 115659.320312 1525.706909
152.700119 115811.890625 1526.729736
152.800125 115964.562500 1527.752686
152.900131 116117.335938 1528.775635
153.000137 116270.210938 1529.798706
153.100143 116423.187500 1530.821777
153.200150 116576.273438 1531.844849
153.300156 116729.460938 1532.868042
153.400162 116882.750000 1533.891235
153.500168 117036.140625 1534.914429
153.600174 117189.632812 1535.937744
153.700180 117343.226562 1536.961060
153.800186 117496.921875 1537.984375
153.900192 117650.718750 1539.007812
154.000198 117804.617188 1540.031250
154.100204 117958.617188 1541.054810
154.200211 118112.726562 1542.078369
154.300217 118266.937500 1543.101929
154.400223 118421.250000 1544.125610
154.500229 118575.664062 1545.149292
154.600235 118730.179688 1546.172974
154.700241 118884.796875 1547.196777
154.800247 119039.515625 1548.220581
154.900253 119194.335938 1549.244507
155.000259 119349.257812 1550.268433
155.100266 119504.281250 1551.292358
155.200272 119659.414062 1552.316406
155.300278 119814.648438 1553.340454
155.400284 119969.984375 1554.364502
155.500290 120125.421875 1555.388672
155.600296 120280.960938 1556.412842
155.700302 120436.601562 1557.437012
155.800308 120592.343750 1558.461304
155.900314 120748.187500 1559.485596
156.000320 120904.132812 1560.510010
156.100327 121060.187500 1561.534424
156.200333 121216.343750 1562.558838
156.300339 121372.601562 1563.583374
156.400345 121528.960938 1564.607910
156.500351 121685.421875 1565.632446
156.600357 121841.984375 1566.657104
156.700363 121998.648438 1567.681763
156.800369 122155.414062 1568.706543
156.900375 122312.281250 1569.731323
157.000381 122469.257812 1570.756104
157.100388 122626.335938 1571.781006
157.200394 122783.515625 1572.805908
157.300400 122940.796875 1573.830811
157.400406 123098.179688 1574.855835
157.500412 123255.664062 1575.880859
157.600418 123413.250000 1576.906006
157.700424 123570.937500 1577.931152
157.800430 123728.734375 1578.956299
157.900436 123886.632812 1579.981567
158.000443 124044.632812 1581.006836
158.100449 124202.734375 1582.032104
158.200455 124360.937500 1583.057495
158.300461 124519.242188 1584.082886
158.400467 124677.648438 1585.108398
158.500473 124836.156250 1586.133911
158.600479 124994.773438 1587.159424
158.700485 125153.492188 1588.185059
158.800491 125312.312500 1589.210693
158.900497 125471.234375 1590.236328
159.000504 125630.257812 1591.262085
159.100510 125789.382812 1592.287842
159.200516 125948.609375 1593.313721
159.300522 126107.937500 1594.339600
159.400528 126267.375000 1595.365479
159.500534 126426.914062 1596.391479
159.600540 126586.554688 1597.417480
159.700546 126746.296875 1598.443604
159.800552 126906.140625 1599.469727
159.900558 127066.085938 1600.495850
160.000565 127226.132812 1601.522095
160.100571 127386.281250 1602.548340
160.200577 127546.539062 1603.574585
160.300583 127706.898438 1604.600952
160.400589 127867.359375 1605.627319
160.500595 128027.921875 1606.653809
160.600601 128188.585938 1607.680298
160.700607 128349.351562 1608.706787
160.800613 128510.218750 1609.733398
160.900620 128671.195312 1610.760010
161.000626 128832.273438 1611.786621
161.100632 128993.453125 1612.813354
161.200638 129154.734375 1613.840088
161.300644 129316.117188 1614.866943
161.400650 129477.601562 1615.893799
161.500656 129639.187500 1616.920654
161.600662 129800.882812 1617.947632
161.700668 129962.679688 1618.974609
161.800674 130124.578125 1620.001709
161.900681 130286.578125 1621.028809
162.000687 130448.679688 1622.055908
162.100693 130610.882812 1623.083130
162.200699 130773.187500 1624.110352
162.300705 130935.601562 1625.137573
162.400711 131098.109375 1626.164917
162.500717 131260.718750 1627.192261
162.600723 131423.437500 1628.219727
162.700729 131586.265625 1629.247192
162.800735 131749.187500 1630.274658
162.900742 131912.218750 1631.302246
163.000748 132075.343750 1632.329834
163.100754 132238.578125 1633.357544
163.200760 132401.906250 1634.385254
163.300766 132565.343750 1635.412964
163.400772 132728.890625 1636.440796
163.500778 132892.531250 1637.468628
163.600784 133056.281250 1638.496582
163.700790 133220.125000 1639.524536
163.800797 133384.078125 1640.552490
163.900803 133548.140625 1641.580566
164.000809 133712.296875 1642.608643
164.100815 133876.562500 1643.636719
164.200821 134040.921875 1644.664917
164.300827 134205.390625 1645.693115
164.400833 134369.953125 1646.721436
164.500839 134534.625000 1647.749756
164.600845 134699.406250 1648.778076
164.700851 134864.281250 1649.806519
164.800858 135029.265625 1650.834961
164.900864 135194.343750 1651.863525
165.000870 135359.531250 1652.892090
165.100876 135524.828125 1653.920654
165.200882 135690.218750 1654.949341
165.300888 135855.718750 1655.978027
165.400894 136021.312500 1657.006836
165.500900 136187.015625 1658.035645
165.600906 136352.812500 1659.064453
165.700912 136518.718750 1660.093384
165.800919 136684.734375 1661.122314
165.900925 136850.843750 1662.151367
166.000931 137017.062500 1663.180420
166.100937 137183.375000 1664.209473
166.200943 137349.796875 1665.238647
166.300949 137516.328125 1666.267822
166.400955 137682.953125 1667.296997
166.500961 137849.687500 1668.326294
166.600967 138016.515625 1669.355591
166.700974 138183.453125 1670.385010
166.800980 138350.484375 1671.414429
166.900986 138517.625000 1672.443848
167.000992 138684.875000 1673.473389
167.100998 138852.218750 1674.502930
167.201004 139019.671875 1675.532593
167.301010 139187.218750 1676.562256
167.401016 139354.875000 1677.591919
167.501022 139522.640625 1678.621704
167.601028 139690.500000 1679.651489
167.701035 139858.468750 1680.681396
167.801041 140026.531250 1681.711304
167.901047 140194.703125 1682.741211
168.001053 140362.984375 1683.771240
168.101059 140531.359375 1684.801270
168.201065 140699.843750 1685.831421
168.301071 140868.421875 1686.861572
168.401077 141037.109375 1687.891724
168.501083 141205.906250 1688.921997
168.601089 141374.796875 1689.952271
168.701096 141543.796875 1690.982666
168.801102 141712.890625 1692.013062
168.901108 141882.093750 1693.043457
169.001114 142051.390625 1694.073975
169.101120 142220.796875 1695.104492
169.201126 142390.312500 1696.135132
169.301132 142559.921875 1697.165771
169.401138 142729.640625 1698.196411
169.501144 142899.453125 1699.227173
169.601151 143069.375000 1700.257935
169.701157 143239.406250 1701.288818
169.801163 143409.531250 1702.319702
169.901169 143579.765625 1703.350586
170.001175 143750.093750 1704.381592
170.101181 143920.531250 1705.412598
170.201187 144091.078125 1706.443726
170.301193 144261.718750 1707.474854
170.401199 144432.468750 1708.505981
170.501205 144603.312500 1709.537231
170.601212 144774.265625 1710.568481
170.701218 144945.328125 1711.599854
170.801224 145116.484375 1712.631226
170.901230 145287.750000 1713.662598
171.001236 145459.109375 1714.694092
171.101242 145630.578125 1715.725586
171.201248 145802.156250 1716.757202
171.301254 145973.828125 1717.788818
171.401260 146145.609375 1718.820435
171.501266 146317.484375 1719.852173
171.601273 146489.468750 1720.883911
171.701279 146661.562500 1721.915771
171.801285 146833.750000 1722.947632
171.901291 147006.046875 1723.979614
172.001297 147178.437500 1725.011597
172.101303 147350.937500 1726.043579
172.201309 147523.546875 1727.075684
172.301315 147696.250000 1728.107788
172.401321 147869.062500 1729.140015
172.501328 148041.968750 1730.172241
172.601334 148214.984375 1731.204468
172.701340 148388.109375 1732.236816
172.801346 148561.328125 1733.269165
172.901352 148734.656250 1734.301636
173.001358 148908.093750 1735.334106
173.101364 149081.625000 1736.366577
173.201370 149255.265625 1737.399170
173.301376 149429.000000 1738.431763
173.401382 149602.843750 1739.464478
173.501389 149776.796875 1740.497192
173.601395 149950.843750 1741.529907
173.701401 150125.000000 1742.562744
173.801407 150299.250000 1743.595581
173.901413 150473.609375 1744.628540
174.001419 150648.078125 1745.661499
174.101425 150822.640625 1746.694580
174.201431 150997.312500 1747.727661
174.301437 151172.078125 1748.760742
174.401443 151346.953125 1749.793945
174.501450 151521.937500 1750.827148
174.601456 151697.015625 1751.860474
174.701462 151872.203125 1752.893799
174.801468 152047.500000 1753.927124
174.901474 152222.890625 1754.960571
175.001480 152398.390625 1755.994019
175.101486 152573.984375 1757.027588
175.201492 152749.687500 1758.061157
175.301498 152925.500000 1759.094727
175.401505 153101.406250 1760.128418
175.501511 153277.421875 1761.162109
175.601517 153453.531250 1762.195923
175.701523 153629.750000 1763.229736
175.801529 153806.078125 1764.263672
175.901535 153982.500000 1765.297607
176.001541 154159.031250 1766.331543
176.101547 154335.671875 1767.365601
176.201553 154512.406250 1768.399658
176.301559 154689.250000 1769.433838
176.401566 154866.187500 1770.468018
176.501572 155043.234375 1771.502197
176.601578 155220.390625 1772.536499
176.701584 155397.640625 1773.570801
176.801590 155575.000000 1774.605225
176.901596 155752.453125 1775.639648
177.001602 155930.015625 1776.674194
177.101608 156107.687500 1777.708740
177.201614 156285.453125 1778.743286
177.301620 156463.328125 1779.777954
177.401627 156641.312500 1780.812622
177.501633 156819.390625 1781.847412
177.601639 156997.578125 1782.882202
177.701645 157175.859375 1783.916992
177.801651 157354.250000 1784.951904
177.901657 157532.750000 1785.986816
178.001663 157711.343750 1787.021851
178.101669 157890.046875 1788.056885
178.201675 158068.859375 1789.092041
178.301682 158247.765625 1790.127197
178.401688 158426.781250 1791.162354
178.501694 158605.890625 1792.197632
178.601700 158785.109375 1793.232910
178.701706 158964.437500 1794.268311
178.801712 159143.859375 1795.303711
178.901718 159323.390625 1796.339111
179.001724 159503.031250 1797.374634
179.101730 159682.765625 1798.410156
179.201736 159862.609375 1799.445801
179.301743 160042.546875 1800.481445
179.401749 160222.593750 1801.517212
179.501755 160402.750000 1802.552979
179.601761 160583.000000 1803.588745
179.701767 160763.359375 1804.624634
179.801773 160943.828125 1805.660522
179.901779 161124.390625 1806.696533
180.001785 161305.062500 1807.732544
